686
675
14547
13763
13029
12227
13980
13531
14142
13834
14750
15309
14049
14048
12413
15551
15845
15293
15104
15463
11813
12094
15423
13852
15665
15746
15038
14898
12789
13700
14807
14872
15250
13809
14183
13101
15117
14390
13879
13183
13127
14404
15094
15004
15814
12898
13137
14690
15888
14534
15513
15533
14295
14003
14661
14848
15112
15271
15064
15578
14203
15084
13582
12495
13913
14823
15425
14958
13663
15310
14714
15005
14355
13797
15846
-985412
14611
15791
15377
14300
11759
13458
14354
14587
14653
13861
13544
11894
15609
12715
14357
14854
15774
13142
12543
16306
13280
15362
14831
15308
